41: (0.5894736842105263, 0.9655172413793104, 0.7320261437908496)
18: (1.0, 1.0, 1.0)
17: (1.0, 1.0, 1.0)
36: (0.6153846153846154, 0.8421052631578947, 0.7111111111111111)
33: (0.5079365079365079, 0.8205128205128205, 0.6274509803921569)
22: (0.0, 1.0, 0.0)
49: (0.6, 0.9166666666666666, 0.7252747252747253)
39: (0.5942028985507246, 0.82, 0.6890756302521008)
51: (0.6231884057971014, 0.9347826086956522, 0.7478260869565218)
24: (0.35294117647058826, 1.0, 0.5217391304347826)
30: (0.5254237288135594, 0.7209302325581395, 0.6078431372549019)
50: (0.6811594202898551, 0.8867924528301887, 0.7704918032786885)
25: (0.45161290322580644, 0.9333333333333333, 0.6086956521739131)
59: (0.4864864864864865, 1.0, 0.6545454545454545)
20: (0.0, 1.0, 0.0)
29: (0.5106382978723404, 0.8, 0.6233766233766234)
62: (0.8235294117647058, 0.9333333333333333, 0.875)
43: (0.611764705882353, 0.8813559322033898, 0.7222222222222222)
28: (0.35, 0.7777777777777778, 0.4827586206896552)
55: (0.7105263157894737, 0.7941176470588235, 0.75)
47: (0.5581395348837209, 0.8275862068965517, 0.6666666666666666)
23: (0.07142857142857142, 0.5, 0.125)
21: (0.0, 1.0, 0.0)
37: (0.6164383561643836, 0.9, 0.7317073170731707)
35: (0.45901639344262296, 0.7567567567567568, 0.5714285714285714)
44: (0.647887323943662, 0.8679245283018868, 0.7419354838709677)
64: (0.5384615384615384, 0.7, 0.6086956521739131)
52: (0.5833333333333334, 0.875, 0.7)
32: (0.46551724137931033, 0.8709677419354839, 0.6067415730337079)
19: (1.0, 1.0, 1.0)
27: (0.34146341463414637, 0.7777777777777778, 0.4745762711864407)
45: (0.5915492957746479, 0.8571428571428571, 0.7)
46: (0.7341772151898734, 0.9206349206349206, 0.8169014084507042)
42: (0.609375, 0.8478260869565217, 0.7090909090909091)
57: (0.5925925925925926, 0.8, 0.6808510638297872)
48: (0.7209302325581395, 0.8857142857142857, 0.7948717948717948)
26: (0.3333333333333333, 0.8333333333333334, 0.47619047619047616)
53: (0.5869565217391305, 0.8709677419354839, 0.7012987012987013)
67: (0.3333333333333333, 1.0, 0.5)
56: (0.6190476190476191, 0.896551724137931, 0.7323943661971831)
31: (0.41818181818181815, 0.7931034482758621, 0.5476190476190477)
38: (0.5555555555555556, 0.9, 0.6870229007633588)
68: (0.42857142857142855, 1.0, 0.6)
60: (0.5714285714285714, 0.8, 0.6666666666666666)
70: (0.8571428571428571, 0.8571428571428571, 0.8571428571428571)
54: (0.6097560975609756, 0.8333333333333334, 0.704225352112676)
69: (0.3, 1.0, 0.46153846153846156)
63: (0.4, 1.0, 0.5714285714285714)
40: (0.6933333333333334, 0.8253968253968254, 0.7536231884057971)
34: (0.5652173913043478, 0.8666666666666667, 0.6842105263157895)
58: (0.6470588235294118, 0.8148148148148148, 0.7213114754098361)
90: (0.3333333333333333, 1.0, 0.5)
61: (0.6470588235294118, 1.0, 0.7857142857142857)
66: (0.18181818181818182, 1.0, 0.3076923076923077)
71: (1.0, 1.0, 1.0)
79: (1.0, 0.6666666666666666, 0.8)
73: (0.2, 1.0, 0.3333333333333333)
65: (0.46153846153846156, 0.8571428571428571, 0.6)
72: (0.6666666666666666, 1.0, 0.8)
80: (1.0, 1.0, 1.0)
77: (1.0, 0.5, 0.6666666666666666)
76: (0.0, 1.0, 0.0)
83: (1.0, 1.0, 1.0)
75: (0.0, 0.0, 0.0)
82: (1.0, 1.0, 1.0)
81: (0.0, 1.0, 0.0)
74: (1.0, 1.0, 1.0)
84: (0.0, 1.0, 0.0)
78: (0.0, 0.0, 0.0)
